10 -97.478 165.685 955.068
23116 -68.8425 181.141 915.542
28243 -75.1572 188.811 920.179
32252 -68.1858 146.727 924.765
32489 -80.7692 192.229 925.074
37193 -70.6361 143.353 931.007
37472 -84.8208 192.889 930.889
40524 -87.9542 192.825 935.651
42200 -76.3003 142.081 938.949
44550 -91.4165 191.052 942.068
46525 -81.9934 143.787 945.247
48002 -94.5118 187.422 947.171
50695 -95.9863 182.791 950.496
51102 -88.007 148.027 951.001
52894 -97.6678 177.936 952.845
54173 -91.9928 153.344 954.154
54376 -98.2859 171.75 954.18
55680 -94.7856 159.175 955.96
-1 -1 -1 -1
