50328 73.5636 20.748 -222.442
54905 69.01 -16.5427 -217.39
72273 95.5722 -18.4815 -201.396
-1 -1 -1 -1
57741 94.5443 -30.4941 -214.186
61802 91.0949 -32.0715 -210.261
48343 81.1051 -26.1972 -224.072
51514 75.0665 -28.6485 -220.798
52463 90.8762 -29.3058 -219.954
57737 83.5472 -30.891 -214.106
-1 -1 -1 -1
75110 114.279 2.68792 -199.036
76379 113.459 -5.42522 -198.179
77056 114.049 -1.8576 -198.006
80200 112.414 3.45216 -195.329
80695 110.437 -6.04987 -195.154
81321 111.459 -1.31853 -194.179
-1 -1 -1 -1
53692 101.698 28.4968 -218.798
55623 98.9586 30.0144 -216.794
59118 105.916 26.4714 -212.967
62218 103.884 27.9627 -210.495
63245 109.05 23.5301 -208.984
65466 108.037 25.8645 -207.16
-1 -1 -1 -1
28278 74.4505 4.42132 -243.045
28795 74.652 2.49212 -242.131
30536 71.5921 4.5497 -240.754
32460 70.2823 8.38574 -239.466
34525 65.3215 12.2152 -237.747
35732 68.6638 8.7554 -236.754
-1 -1 -1 -1
36859 62.2357 -7.83849 -235.87
36892 59.3041 -2.63287 -235.688
37424 64.8946 -12.7965 -235.534
40742 70.2014 -17.5776 -232.528
41845 68.7216 -13.0031 -231.09
42263 74.4823 -19.9644 -230.725
-1 -1 -1 -1
71275 77.0841 13.7688 -202.329
74328 73.5261 -2.61703 -199.863
74383 75.094 5.8315 -199.779
75218 81.8036 12.9622 -199.381
78880 78.0754 -4.12748 -196.433
78958 80.2524 5.26954 -196.308
-1 -1 -1 -1
