49023 49.907 18.53 -181.851
51655 49.0805 -15.2407 -178.656
75456 67.4215 -11.9898 -156.238
-1 -1 -1 -1
54504 61.326 -25.3623 -175.513
57771 67.7616 -26.3268 -172.014
58217 57.7249 -27.1425 -171.757
62560 72.8345 -25.9979 -166.988
64076 63.0974 -26.8441 -165.726
68412 67.9632 -28.799 -161.93
-1 -1 -1 -1
70471 91.2156 5.3406 -160.277
71004 86.0854 -10.0921 -159.937
72350 87.1839 -1.76827 -158.896
78398 86.1873 -4.31055 -154.078
78481 90.2843 3.22854 -153.965
78902 86.2319 -11.0485 -153.611
-1 -1 -1 -1
51398 75.7001 30.3306 -179.437
53775 74.6079 31.316 -177.132
56625 79.7216 29.5844 -173.698
59038 76.3939 30.2665 -171.242
60454 82.5 27.5653 -169.733
62408 79.9418 29.5038 -167.602
-1 -1 -1 -1
23405 57.6502 1.31828 -201.782
23422 57.8574 5.07784 -201.855
23466 58.3509 9.55081 -201.606
24478 56.4385 -3.30014 -200.654
24573 59.7693 14.0578 -200.855
28354 62.7722 17.3947 -197.726
-1 -1 -1 -1
1 47.6443 -3.34848 -199.582
25590 52.9638 -6.75589 -199.49
26228 46.1318 -6.72595 -199.261
28157 43.9974 -9.86358 -197.585
28170 49.9257 -9.32818 -197.649
30888 47.3198 -11.0394 -195.846
-1 -1 -1 -1
59406 48.3993 14.1878 -170.74
62768 47.2609 8.68898 -167.098
63792 50.5734 15.4839 -166.112
64805 46.5155 1.94187 -165.535
67524 51.2389 9.82738 -162.655
69256 50.7191 2.80876 -161.554
-1 -1 -1 -1
