35263 65.483 36.077 -372.352
55458 64.3764 72.6232 -355.574
72922 82.256 28.8338 -340.013
-1 -1 -1 -1
0 73.6122 11.8903 -370.695
32518 81.2786 13.75 -373.985
44054 87.5343 11.3802 -366.01
48118 80.5838 10.1381 -362.214
55678 94.2117 11.1746 -355.414
58340 86.9855 8.7809 -352.917
-1 -1 -1 -1
75031 111.698 53.349 -338.153
75737 109.163 46.7058 -337.625
76442 102.377 38.1935 -337.222
85589 97.8268 33.6955 -331.792
91275 116.233 47.6638 -327.072
91707 107.496 36.737 -327.024
-1 -1 -1 -1
15 94.4721 83.6174 -337.668
54370 91.7859 79.8474 -356.917
60401 81.4071 87.0497 -351.256
64038 91.0358 82.5596 -347.955
68415 88.1224 87.4668 -343.76
69471 97.1959 78.1329 -342.95
-1 -1 -1 -1
26 65.7008 43.2226 -384.172
12479 59.5405 46.2286 -389.32
16341 69.7493 50.6028 -385.717
16383 62.5112 52.5576 -385.562
16473 70.695 58.4181 -385.774
17750 64.2512 59.6665 -384.683
-1 -1 -1 -1
69837 69.2619 30.1888 -342.168
74208 74.6093 29.2208 -338.639
76429 67.3323 36.9705 -337.222
79875 73.8628 36.1978 -335.286
83520 68.0061 45.3274 -333.399
86443 72.914 44.1497 -331.251
-1 -1 -1 -1
