20092 77.4125 8.25983 -218.341
24032 66.4065 -23.3997 -209.107
33720 87.709 -23.6359 -190.047
-1 -1 -1 -1
24833 76.1069 -33.0527 -207.176
25688 73.0146 -34.0125 -205.479
26131 78.1632 -32.539 -203.966
27426 75.4672 -34.0299 -201.502
28342 80.1474 -32.0269 -199.847
29259 77.8399 -34.0694 -197.615
-1 -1 -1 -
33861 100.306 -17.5988 -189.162
33950 101.633 -10.2565 -188.947
34023 101.368 -4.21032 -189.753
36256 101.763 -4.96115 -185.521
36574 101.092 -16.7796 -184.873
36596 101.902 -11.0659 -184.936
-1 -1 -1 -1
20121 84.8942 13.8345 -218.285
21594 82.5653 18.2188 -215.243
23329 89.2714 14.1073 -211.885
24652 87.0694 18.236 -208.903
25934 94.4937 12.6353 -204.852
27722 92.1817 16.9643 -201.916
-1 -1 -1 -1
14944 71.2201 -3.57679 -228.744
15405 68.347 -5.5143 -227.146
16357 66.9169 -5.62274 -225.759
16828 66.2826 -4.06194 -224.692
18278 64.7173 -2.24663 -221.661
19505 61.5368 -3.39475 -219.851
-1 -1 -1 -1
18799 61.8297 -17.3022 -220.476
19405 64.9932 -23.2678 -219.131
19424 63.0711 -20.4338 -220.127
20415 66.3732 -26.3087 -217.876
20886 68.5642 -28.4862 -216.25
21808 69.8195 -30.9983 -214.116
-1 -1 -1 -1
32020 72.0094 -15.5934 -192.823
32096 71.4313 -3.24564 -193.211
32650 71.2765 -10.0478 -191.797
33876 76.2894 -15.597 -189.87
33933 76.3006 -10.5212 -189.971
34004 77.45 -4.73113 -190.274
-1 -1 -1 -1
