50866 81.7675 6.14774 -193.226
52332 78.471 48.1333 -191.954
79209 98.4467 9.69107 -166.392
-1 -1 -1 -1
43170 97.4358 -1.51476 -199.454
44946 93.0346 -4.23111 -198
57050 95.1327 -10.2211 -187.559
57638 98.4115 -7.81186 -187.015
63422 107.664 -7.63856 -181.605
67751 101.875 -6.09474 -177.349
-1 -1 -1 -1
82434 109.377 8.74789 -163.388
84555 106.607 8.6173 -161.64
89859 114.649 20.8875 -156.386
91754 116.157 27.8645 -154.95
92140 112.2 21.9675 -154.184
94492 112.656 28.4601 -152.032
-1 -1 -1 -1
60615 94.5518 61.5196 -184.456
63283 90.9672 62.5207 -182.027
70255 99.6548 58.9003 -175.807
71817 96.0576 60.1016 -174.191
76315 103.202 57.0956 -169.586
77936 101.287 59.5181 -168.135
-1 -1 -1 -1
21 91.2159 51.8578 -205.895
25579 78.5783 35.5341 -213.322
26220 81.763 38.5757 -213.01
27520 84.3775 41.3967 -211.955
30449 86.3598 44.8036 -209.964
33370 88.2624 48.9328 -207.964
-1 -1 -1 -1
34975 75.83 14.04 -206.691
36675 78.4258 10.4658 -204.987
38979 81.6544 8.34084 -203.021
40585 92.9525 1.11808 -201.491
40640 89.7635 3.06921 -201.481
41962 85.8308 4.90031 -200.672
-1 -1 -1 -1
73203 71.8774 35.5523 -172.67
75660 71.7639 27.5268 -169.733
76144 73.6994 19.7339 -169.467
76744 75.1871 35.8331 -169.068
79296 79.2472 20.1171 -166.558
82041 76.887 27.5297 -164.402
-1 -1 -1 -1
