61911 81.8358 36.6835 -278.227
66699 75.1615 -3.81237 -272.37
87587 84.1672 22.6199 -249.301
-1 -1 -1 -1
69142 90.2017 42.3596 -269.837
69613 85.7664 42.785 -269.18
72206 91.3602 41.0149 -266.315
75657 85.2876 41.0425 -262.461
76953 89.8303 38.0306 -260.701
79159 87.8546 39.2113 -258.287
-1 -1 -1 -1
42177 80.3495 27.7837 -299.713
43898 82.7222 32.5364 -297.88
44388 81.246 22.2857 -297.74
46647 82.3992 35.8892 -295.986
47704 80.9044 27.4219 -294.911
49696 83.4627 32.0277 -292.588
-1 -1 -1 -1
16 75.0052 -8.50252 -287.916
46877 75.3944 -5.84726 -295.224
46891 78.5896 -5.00615 -295.324
53174 80.4386 -7.92285 -288.703
60030 83.7862 -11.4938 -280.157
60454 76.6239 -10.7016 -279.805
-1 -1 -1 -1
64550 91.8244 -13.1629 -274.715
68372 96.0102 -12.7184 -270.447
69726 90.8149 -14.7447 -269.02
71520 86.0728 -11.8343 -267.208
75320 90.9105 -13.1959 -262.354
81574 90.6933 -8.50228 -255.372
-1 -1 -1 -1
89402 98.8064 29.9306 -247.083
91148 98.2347 28.9033 -245.185
93316 96.7222 24.0549 -242.753
94561 90.1425 17.4633 -241.68
94584 92.3074 19.7833 -241.706
95435 96.0982 20.8368 -240.499
-1 -1 -1 -1
58241 68.214 13.1807 -282.742
59400 68.2621 19.9375 -281.113
60994 67.4806 11.6499 -279.245
62280 69.3656 25.0764 -277.846
62668 66.9261 17.664 -277.562
65554 67.9456 22.6011 -273.751
-1 -1 -1 -1
